0.0 -15.0 -5.0
0.1884905982502891 -14.998815663057242 -4.874418960941373
0.3769514316500622 -14.995262839249499 -4.7493335328713915
0.5653527400490183 -14.989342089608838 -4.62523737082855
0.7536647726965433 -14.981054349090263 -4.502620225670291
0.9418577929397006 -14.970400926424073 -4.381966011250105
1.129902082918991 -14.95738350390921 -4.263750894630644
1.3177679482611477 -14.942004137147588 -4.148441416869854
1.5054257227682235 -14.924265254719502 -4.03649265179657
1.6928457731022255 -14.904169657800125 -3.928346410042007
1.8799985034645639 -14.881720519717168 -3.8244294954150537
2.0668543602695713 -14.856921385449768 -3.7251520205026205
2.2533838368113566 -14.829776171068708 -3.6309057881426225
2.439557477923254 -14.80028916311802 -3.542062745157177
2.625345884629141 -14.76846501793808 -3.4589735144484215
2.810719718785869 -14.73430876093033 -3.381966011250105
2.9956497077161055 -14.697825785763703 -3.31134414899597
3.1801066488308196 -14.659021853522901 -3.2473866399122726
3.364061414240718 -14.617903091798658 -3.190345895067961
3.5474849553558707 -14.57447599372011 -3.1404470282234973
3.730348307472822 -14.528747416929466 -3.0978869674096927
3.9126225943484543 -14.480724582499109 -3.062833677742738
4.094279032759879 -14.43041507379129 -3.0354254985426223
4.275288937049642 -14.377826835260638 -3.015770597371044
4.455623723655525 -14.322968171199644 -3.003946543143457
4.635254915624211 -14.265847744427303 -3.0
4.814154147108143 -14.206474574921163 -3.003946543143457
4.9922931678448 -14.144858038392966 -3.0157705973710445
5.169643847617756 -14.081007864808111 -3.035425498542623
5.346178180698761 -14.014934136849181 -3.062833677742738
5.521868290270168 -13.946647288323772 -3.0978869674096927
5.696686432827016 -13.87615810251687 -3.1404470282234973
5.870605002558037 -13.803477710488055 -3.190345895067961
6.04359653570494 -13.728617589313764 -3.247386639912273
6.215633714899262 -13.651589560274935 -3.3113441489959703
6.386689373476091 -13.572405786990291 -3.381966011250105
6.556736499763994 -13.491078773495564 -3.4589735144484215
6.725748241350484 -13.407621362268957 -3.5420627451571773
6.893697909322318 -13.322046732203168 -3.630905788142623
7.060558982479989 -13.2343683965243 -3.725152020502621
7.22630511152573 -13.144600200657953 -3.8244294954150533
7.3909101232243755 -13.052756320042883 -3.928346410042008
7.554348024536412 -12.95885125789253 -4.03649265179657
7.716593006722596 -12.862899842904785 -4.148441416869854
7.877619449419436 -12.764917226920378 -4.263750894630644
8.03740192468495 -12.664918882530227 -4.381966011250105
8.195915201014037 -12.562920600632125 -4.502620225670292
8.353134247322819 -12.45893848793719 -4.625237370828551
8.50903423690135 -12.35298896442641 -4.7493335328713915
8.663590551334014 -12.24508876075776 -4.874418960941374
8.816778784387097 -12.135254915624213 -5.0
8.968574745862782 -12.023504773063149 -5.125581039058628
9.118954465419083 -11.909855979717529 -5.2506664671286085
9.267894196355016 -11.794326482049282 -5.37476262917145
9.415370419360508 -11.67693452350535 -5.49737977432971
9.561359846230344 -11.557698641636838 -5.618033988749895
9.705839423541665 -11.436637665171716 -5.736249105369357
9.848786336294348 -11.313770711041556 -5.851558583130146
9.990178011513775 -11.189117181362732 -5.96350734820343
10.129992121815366 -11.062696760372607 -6.071653589957993
10.26820658893033 -10.934529411321174 -6.175570504584946
10.404799587192075 -10.804635373318602 -6.27484797949738
10.539749546982739 -10.673035158139282 -6.3690942118573775
10.67303515813928 -10.539749546982739 -6.4579372548428235
10.804635373318604 -10.404799587192073 -6.541026485551579
10.934529411321174 -10.26820658893033 -6.618033988749895
11.062696760372608 -10.129992121815366 -6.688655851004031
11.189117181362732 -9.990178011513775 -6.752613360087727
11.313770711041556 -9.848786336294346 -6.80965410493204
11.436637665171718 -9.705839423541665 -6.859552971776503
11.557698641636838 -9.561359846230344 -6.902113032590307
11.676934523505352 -9.415370419360505 -6.937166322257262
11.794326482049284 -9.267894196355014 -6.964574501457378
11.90985597971753 -9.11895446541908 -6.984229402628956
12.023504773063149 -8.968574745862782 -6.996053456856544
12.135254915624213 -8.816778784387097 -7.0
12.24508876075776 -8.663590551334012 -6.996053456856544
12.352988964426412 -8.509034236901348 -6.984229402628956
12.458938487937191 -8.353134247322817 -6.964574501457378
12.562920600632125 -8.195915201014037 -6.937166322257262
12.664918882530227 -8.037401924684948 -6.902113032590307
12.764917226920378 -7.877619449419436 -6.859552971776504
12.862899842904786 -7.716593006722593 -6.809654104932038
12.95885125789253 -7.554348024536414 -6.752613360087727
13.052756320042885 -7.390910123224374 -6.68865585100403
13.144600200657955 -7.226305111525727 -6.618033988749895
13.234368396524298 -7.060558982479991 -6.541026485551579
13.32204673220317 -6.8936979093223165 -6.457937254842822
13.407621362268957 -6.725748241350484 -6.369094211857377
13.491078773495566 -6.556736499763993 -6.2748479794973795
13.572405786990293 -6.38668937347609 -6.175570504584947
13.651589560274935 -6.215633714899264 -6.071653589957994
13.728617589313764 -6.043596535704937 -5.963507348203429
13.803477710488055 -5.870605002558035 -5.851558583130144
13.87615810251687 -5.696686432827017 -5.736249105369356
13.94664728832377 -5.521868290270171 -5.618033988749895
14.014934136849181 -5.346178180698758 -5.497379774329709
14.081007864808111 -5.169643847617755 -5.374762629171448
14.144858038392966 -4.9922931678448 -5.250666467128608
14.206474574921165 -4.814154147108141 -5.125581039058627
14.265847744427303 -4.635254915624212 -5.000000000000001
14.322968171199646 -4.45562372365552 -4.874418960941373
14.377826835260638 -4.275288937049642 -4.74933353287139
14.43041507379129 -4.094279032759878 -4.6252373708285495
14.480724582499109 -3.9126225943484516 -4.50262022567029
14.528747416929466 -3.7303483074728243 -4.381966011250106
14.57447599372011 -3.547484955355868 -4.263750894630643
14.617903091798658 -3.3640614142407177 -4.148441416869853
14.659021853522901 -3.180106648830818 -4.036492651796569
14.697825785763703 -2.995649707716105 -3.928346410042007
14.734308760930329 -2.810719718785871 -3.824429495415054
14.768465017938082 -2.6253458846291373 -3.7251520205026205
14.80028916311802 -2.4395574779232523 -3.6309057881426217
14.82977617106871 -2.253383836811356 -3.5420627451571765
14.856921385449768 -2.0668543602695695 -3.4589735144484215
14.881720519717168 -1.8799985034645639 -3.3819660112501055
14.904169657800125 -1.692845773102224 -3.3113441489959694
14.924265254719502 -1.5054257227682237 -3.247386639912272
14.942004137147588 -1.3177679482611464 -3.190345895067961
14.95738350390921 -1.1299020829189912 -3.1404470282234973
14.970400926424073 -0.941857792939703 -3.0978869674096927
14.981054349090263 -0.7536647726965406 -3.062833677742738
14.989342089608838 -0.565352740049017 -3.0354254985426223
14.995262839249499 -0.3769514316500596 -3.015770597371044
14.998815663057242 -0.18849059825029163 -3.003946543143457
15.0 -9.18485099360515e-16 -3.0
14.998815663057242 0.1884905982502898 -3.003946543143457
14.995262839249499 0.3769514316500611 -3.0157705973710445
14.989342089608838 0.5653527400490186 -3.035425498542623
14.981054349090263 0.7536647726965421 -3.062833677742738
14.970400926424073 0.9418577929397011 -3.0978869674096927
14.95738350390921 1.1299020829189894 -3.140447028223498
14.942004137147588 1.317767948261148 -3.1903458950679617
14.924265254719502 1.505425722768225 -3.247386639912273
14.904169657800125 1.6928457731022255 -3.31134414899597
14.881720519717167 1.8799985034645657 -3.3819660112501047
14.856921385449768 2.066854360269571 -3.458973514448423
14.829776171068708 2.253383836811357 -3.5420627451571782
14.80028916311802 2.4395574779232536 -3.6309057881426234
14.76846501793808 2.625345884629142 -3.7251520205026205
14.734308760930329 2.8107197187858723 -3.8244294954150533
14.697825785763703 2.995649707716107 -3.9283464100420087
14.659021853522901 3.1801066488308223 -4.0364926517965705
14.617903091798658 3.3640614142407186 -4.148441416869855
14.574475993720108 3.5474849553558725 -4.263750894630644
14.528747416929468 3.7303483074728194 -4.381966011250104
14.480724582499109 3.9126225943484565 -4.5026202256702925
14.430415073791288 4.094279032759882 -4.625237370828552
14.377826835260638 4.275288937049644 -4.749333532871392
14.322968171199646 4.455623723655521 -4.874418960941373
14.265847744427305 4.63525491562421 -4.999999999999999
14.206474574921163 4.8141541471081455 -5.125581039058629
14.144858038392966 4.992293167844802 -5.25066646712861
14.081007864808113 5.1696438476177535 -5.37476262917145
14.014934136849181 5.346178180698759 -5.497379774329709
13.94664728832377 5.521868290270169 -5.618033988749894
13.876158102516868 5.696686432827022 -5.736249105369358
13.803477710488055 5.870605002558037 -5.851558583130147
13.728617589313764 6.043596535704939 -5.963507348203431
13.651589560274935 6.215633714899262 -6.071653589957993
13.572405786990291 6.386689373476091 -6.175570504584946
13.491078773495568 6.556736499763991 -6.274847979497381
13.407621362268959 6.725748241350482 -6.369094211857376
13.32204673220317 6.893697909322317 -6.4579372548428235
13.234368396524296 7.0605589824799955 -6.541026485551581
13.144600200657951 7.226305111525732 -6.618033988749895
13.052756320042885 7.390910123224372 -6.6886558510040315
12.958851257892533 7.554348024536407 -6.752613360087726
12.862899842904783 7.716593006722598 -6.809654104932039
12.764917226920376 7.877619449419438 -6.859552971776504
12.664918882530225 8.037401924684954 -6.902113032590307
12.562920600632127 8.195915201014035 -6.937166322257263
12.458938487937193 8.353134247322814 -6.964574501457377
12.35298896442641 8.50903423690135 -6.984229402628956
12.245088760757758 8.663590551334018 -6.996053456856544
12.135254915624213 8.816778784387095 -7.0
12.023504773063149 8.968574745862783 -6.996053456856543
11.909855979717532 9.118954465419078 -6.984229402628956
11.794326482049282 9.267894196355018 -6.964574501457378
11.676934523505349 9.41537041936051 -6.937166322257261
11.557698641636838 9.561359846230346 -6.902113032590307
11.436637665171716 9.705839423541667 -6.859552971776502
11.31377071104156 9.848786336294344 -6.80965410493204
11.189117181362732 9.990178011513773 -6.752613360087727
11.062696760372605 10.12999212181537 -6.688655851004029
10.934529411321172 10.268206588930331 -6.618033988749895
10.8046353733186 10.404799587192077 -6.541026485551577
10.673035158139282 10.539749546982737 -6.457937254842824
10.539749546982739 10.67303515813928 -6.369094211857377
10.404799587192073 10.804635373318604 -6.274847979497377
10.268206588930333 10.93452941132117 -6.175570504584947
10.129992121815368 11.062696760372607 -6.071653589957991
9.99017801151377 11.189117181362736 -5.9635073482034295
9.848786336294346 11.313770711041558 -5.851558583130145
9.705839423541663 11.43663766517172 -5.736249105369353
9.561359846230348 11.557698641636836 -5.618033988749896
9.415370419360508 11.67693452350535 -5.4973797743297075
9.26789419635501 11.794326482049287 -5.374762629171448
9.11895446541908 11.90985597971753 -5.250666467128608
8.968574745862782 12.02350477306315 -5.125581039058623
8.816778784387099 12.13525491562421 -5.000000000000001
8.663590551334014 12.24508876075776 -4.874418960941371
8.509034236901341 12.352988964426416 -4.749333532871391
8.353134247322817 12.458938487937191 -4.62523737082855
8.195915201014039 12.562920600632125 -4.502620225670287
8.037401924684955 12.664918882530223 -4.381966011250106
7.877619449419434 12.76491722692038 -4.263750894630642
7.7165930067225945 12.862899842904785 -4.148441416869853
7.5543480245364085 12.958851257892533 -4.03649265179657
7.390910123224375 13.052756320042885 -3.9283464100420042
7.226305111525734 13.144600200657951 -3.8244294954150546
7.060558982479986 13.234368396524301 -3.725152020502619
6.893697909322314 13.322046732203171 -3.6309057881426217
6.725748241350484 13.407621362268957 -3.5420627451571765
6.556736499763993 13.491078773495566 -3.4589735144484193
6.386689373476093 13.57240578699029 -3.381966011250106
6.215633714899258 13.651589560274937 -3.311344148995969
6.043596535704935 13.728617589313766 -3.247386639912272
5.870605002558036 13.803477710488055 -3.190345895067961
5.696686432827015 13.876158102516872 -3.140447028223496
5.521868290270172 13.94664728832377 -3.097886967409693
5.346178180698762 14.014934136849181 -3.0628336777427374
5.169643847617749 14.081007864808115 -3.0354254985426223
4.992293167844798 14.144858038392968 -3.015770597371044
4.814154147108139 14.206474574921165 -3.0039465431434564
4.635254915624213 14.265847744427303 -3.0
4.455623723655524 14.322968171199644 -3.003946543143457
4.275288937049634 14.377826835260642 -3.0157705973710445
4.094279032759876 14.43041507379129 -3.035425498542623
3.9126225943484556 14.480724582499109 -3.0628336777427387
3.7303483074728225 14.528747416929466 -3.0978869674096927
3.547484955355869 14.57447599372011 -3.1404470282234977
3.364061414240715 14.61790309179866 -3.1903458950679613
3.180106648830822 14.659021853522901 -3.247386639912273
2.995649707716106 14.697825785763703 -3.311344148995971
2.8107197187858755 14.734308760930329 -3.381966011250104
2.625345884629138 14.768465017938082 -3.458973514448423
2.43955747792325 14.800289163118022 -3.5420627451571773
2.2533838368113566 14.829776171068708 -3.6309057881426225
2.0668543602695704 14.856921385449768 -3.725152020502623
1.879998503464568 14.881720519717167 -3.824429495415053
1.6928457731022215 14.904169657800125 -3.9283464100420082
1.505425722768218 14.924265254719502 -4.0364926517965705
1.3177679482611473 14.942004137147588 -4.148441416869855
1.129902082918989 14.95738350390921 -4.263750894630647
0.9418577929397037 14.970400926424073 -4.381966011250104
0.7536647726965382 14.981054349090263 -4.502620225670292
0.565352740049018 14.989342089608838 -4.625237370828551
0.37695143165006717 14.995262839249499 -4.7493335328713915
0.18849059825028588 14.998815663057242 -4.874418960941377
1.83697019872103e-15 15.0 -4.999999999999999
-0.18849059825028888 14.998815663057242 -5.125581039058629
-0.37695143165006356 14.995262839249499 -5.250666467128609
-0.5653527400490144 14.989342089608838 -5.37476262917145
-0.7536647726965413 14.981054349090263 -5.497379774329713
-0.9418577929397002 14.970400926424073 -5.6180339887498905
-1.1299020829189919 14.95738350390921 -5.736249105369358
-1.3177679482611435 14.942004137147588 -5.851558583130146
-1.5054257227682208 14.924265254719502 -5.96350734820343
-1.6928457731022246 14.904169657800125 -6.071653589957993
-1.8799985034645643 14.881720519717168 -6.175570504584945
-2.0668543602695735 14.856921385449768 -6.274847979497378
-2.253383836811353 14.82977617106871 -6.36909421185738
-2.4395574779232527 14.80028916311802 -6.457937254842821
-2.6253458846291413 14.76846501793808 -6.54102648555158
-2.8107197187858715 14.734308760930329 -6.618033988749897
-2.9956497077161086 14.697825785763703 -6.688655851004031
-3.1801066488308183 14.659021853522901 -6.752613360087728
-3.364061414240718 14.617903091798658 -6.809654104932039
-3.5474849553558716 14.574475993720108 -6.859552971776503
-3.730348307472825 14.528747416929466 -6.902113032590307
-3.9126225943484525 14.480724582499109 -6.937166322257262
-4.094279032759879 14.43041507379129 -6.964574501457378
-4.275288937049643 14.377826835260638 -6.984229402628955
-4.455623723655526 14.322968171199644 -6.996053456856544
-4.635254915624216 14.265847744427303 -7.0
-4.814154147108142 14.206474574921165 -6.996053456856544
-4.992293167844801 14.144858038392966 -6.984229402628955
-5.169643847617758 14.081007864808111 -6.964574501457378
-5.3461781806987645 14.01493413684918 -6.937166322257262
-5.521868290270175 13.946647288323769 -6.902113032590307
-5.6966864328270175 13.87615810251687 -6.859552971776504
-5.8706050025580385 13.803477710488053 -6.809654104932037
-6.0435965357049435 13.728617589313762 -6.752613360087729
-6.215633714899267 13.651589560274934 -6.688655851004029
-6.386689373476084 13.572405786990295 -6.618033988749893
-6.556736499763995 13.491078773495564 -6.541026485551578
-6.7257482413504865 13.407621362268955 -6.457937254842823
-6.893697909322322 13.322046732203166 -6.3690942118573775
-7.060558982479995 13.234368396524296 -6.27484797949738
-7.226305111525725 13.144600200657955 -6.175570504584948
-7.390910123224376 13.052756320042883 -6.071653589957995
-7.5543480245364165 12.958851257892528 -5.963507348203427
-7.716593006722591 12.862899842904788 -5.851558583130148
-7.877619449419442 12.764917226920375 -5.736249105369353
-8.037401924684946 12.664918882530229 -5.618033988749899
-8.19591520101404 12.562920600632124 -5.497379774329708
-8.353134247322826 12.458938487937187 -5.374762629171449
-8.509034236901343 12.352988964426416 -5.2506664671286085
-8.663590551334016 12.245088760757758 -5.125581039058628
-8.816778784387095 12.135254915624213 -5.000000000000002
-8.968574745862778 12.023504773063152 -4.874418960941376
-9.118954465419087 11.909855979717525 -4.749333532871387
-9.267894196355012 11.794326482049286 -4.625237370828554
-9.41537041936051 11.676934523505349 -4.502620225670288
-9.561359846230344 11.557698641636838 -4.381966011250103
-9.70583942354166 11.436637665171721 -4.263750894630643
-9.848786336294353 11.31377071104155 -4.148441416869854
-9.990178011513771 11.189117181362732 -4.03649265179657
-10.129992121815366 11.062696760372608 -3.9283464100420074
-10.268206588930331 10.934529411321174 -3.824429495415055
-10.40479958719207 10.804635373318607 -3.7251520205026223
-10.539749546982744 10.673035158139273 -3.63090578814262
-10.673035158139278 10.53974954698274 -3.5420627451571796
-10.804635373318604 10.404799587192073 -3.4589735144484197
-10.93452941132117 10.268206588930335 -3.381966011250108
-11.062696760372607 10.129992121815368 -3.3113441489959694
-11.189117181362732 9.990178011513775 -3.2473866399122726
-11.313770711041556 9.848786336294346 -3.190345895067961
-11.436637665171718 9.705839423541663 -3.1404470282234973
-11.55769864163684 9.561359846230342 -3.0978869674096936
-11.676934523505354 9.415370419360503 -3.0628336777427383
-11.794326482049279 9.267894196355021 -3.035425498542622
-11.909855979717534 9.118954465419074 -3.015770597371044
-12.023504773063147 8.968574745862785 -3.0039465431434573
-12.13525491562421 8.816778784387099 -3.0
-12.24508876075776 8.663590551334014 -3.003946543143457
-12.352988964426412 8.509034236901346 -3.0157705973710445
-12.458938487937198 8.353134247322808 -3.035425498542624
-12.56292060063212 8.195915201014044 -3.062833677742738
-12.66491888253023 8.037401924684945 -3.0978869674096923
-12.764917226920382 7.877619449419429 -3.1404470282234964
-12.862899842904781 7.716593006722602 -3.1903458950679626
-12.958851257892528 7.554348024536416 -3.2473866399122744
-13.052756320042876 7.390910123224386 -3.3113441489959676
-13.144600200657953 7.226305111525729 -3.381966011250102
-13.234368396524301 7.060558982479987 -3.4589735144484224
-13.32204673220317 6.893697909322315 -3.5420627451571773
-13.407621362268959 6.725748241350479 -3.630905788142628
-13.491078773495563 6.556736499764 -3.7251520205026196
-13.572405786990297 6.386689373476083 -3.8244294954150524
-13.651589560274934 6.2156337148992655 -3.9283464100420047
-13.728617589313764 6.043596535704942 -4.036492651796573
-13.803477710488055 5.870605002558037 -4.148441416869858
-13.876158102516866 5.696686432827027 -4.26375089463064
-13.946647288323767 5.521868290270179 -4.381966011250107
-14.014934136849181 5.3461781806987565 -4.502620225670292
-14.081007864808113 5.16964384761775 -4.625237370828551
-14.14485803839297 4.992293167844792 -4.749333532871399
-14.206474574921163 4.814154147108146 -4.874418960941372
-14.265847744427303 4.6352549156242135 -4.999999999999998
-14.322968171199644 4.455623723655525 -5.125581039058624
-14.37782683526064 4.275288937049641 -5.250666467128612
-14.43041507379129 4.094279032759877 -5.374762629171452
-14.480724582499107 3.912622594348463 -5.497379774329705
-14.528747416929464 3.7303483074728296 -5.61803398874989
-14.574475993720112 3.5474849553558636 -5.736249105369357
-14.61790309179866 3.3640614142407093 -5.851558583130146
-14.659021853522903 3.18010664883081 -5.963507348203437
-14.697825785763703 2.995649707716107 -6.071653589957992
-14.73430876093033 2.8107197187858692 -6.175570504584945
-14.768465017938082 2.625345884629139 -6.274847979497378
-14.800289163118022 2.439557477923251 -6.36909421185738
-14.82977617106871 2.253383836811351 -6.457937254842825
-14.856921385449768 2.066854360269578 -6.541026485551575
-14.881720519717167 1.8799985034645688 -6.618033988749896
-14.904169657800125 1.692845773102229 -6.688655851004031
-14.924265254719504 1.5054257227682122 -6.752613360087727
-14.942004137147588 1.317767948261135 -6.809654104932042
-14.95738350390921 1.1299020829189899 -6.859552971776503
-14.970400926424073 0.9418577929396981 -6.902113032590306
-14.981054349090263 0.7536647726965525 -6.937166322257262
-14.98934208960884 0.5653527400490123 -6.964574501457378
-14.9952628392495 0.3769514316500548 -6.984229402628956
-14.998815663057242 0.18849059825029346 -6.996053456856543
-15.0 2.7554552980815444e-15 -7.0
-14.998815663057242 -0.18849059825028797 -6.996053456856544
-14.995262839249499 -0.3769514316500626 -6.984229402628955
-14.989342089608838 -0.5653527400490201 -6.964574501457376
-14.981054349090263 -0.753664772696547 -6.937166322257262
-14.970400926424073 -0.9418577929396925 -6.902113032590307
-14.95738350390921 -1.1299020829189843 -6.859552971776504
-14.942004137147588 -1.3177679482611426 -6.809654104932037
-14.9242652547195 -1.5054257227682333 -6.752613360087725
-14.904169657800125 -1.6928457731022368 -6.688655851004029
-14.881720519717168 -1.8799985034645634 -6.618033988749894
-14.856921385449768 -2.0668543602695726 -6.541026485551578
-14.829776171068708 -2.253383836811359 -6.457937254842823
-14.80028916311802 -2.439557477923259 -6.369094211857373
-14.76846501793808 -2.6253458846291466 -6.274847979497375
-14.73430876093033 -2.810719718785864 -6.175570504584948
-14.697825785763705 -2.995649707716101 -6.071653589957996
-14.659021853522901 -3.1801066488308174 -5.963507348203427
-14.617903091798658 -3.3640614142407173 -5.851558583130142
-14.574475993720107 -3.547484955355884 -5.736249105369354
-14.528747416929466 -3.730348307472824 -5.6180339887499
-14.480724582499107 -3.9126225943484583 -5.497379774329708
-14.430415073791288 -4.094279032759884 -5.374762629171449
-14.377826835260636 -4.275288937049649 -5.250666467128602
-14.322968171199642 -4.455623723655532 -5.125581039058621
-14.265847744427305 -4.635254915624208 -5.000000000000002
-14.206474574921165 -4.814154147108141 -4.874418960941376
-14.144858038392966 -4.9922931678448 -4.749333532871388
-14.081007864808111 -5.169643847617758 -4.625237370828548
-14.014934136849176 -5.346178180698776 -4.502620225670288
-13.946647288323769 -5.521868290270174 -4.381966011250103
-13.876158102516868 -5.696686432827023 -4.263750894630643
-13.803477710488053 -5.870605002558044 -4.148441416869854
-13.728617589313764 -6.043596535704937 -4.036492651796563
-13.651589560274937 -6.21563371489926 -3.9283464100420016
-13.572405786990299 -6.386689373476077 -3.824429495415055
-13.491078773495564 -6.5567364997639945 -3.7251520205026227
-13.407621362268955 -6.725748241350486 -3.63090578814262
-13.322046732203166 -6.893697909322321 -3.5420627451571747
-13.234368396524296 -7.060558982479994 -3.45897351444842
-13.144600200657957 -7.226305111525724 -3.3819660112501087
-13.05275632004288 -7.390910123224382 -3.3113441489959694
-12.958851257892531 -7.55434802453641 -3.247386639912273
-12.862899842904785 -7.716593006722596 -3.190345895067958
-12.764917226920378 -7.877619449419436 -3.140447028223495
-12.664918882530232 -8.03740192468494 -3.0978869674096936
-12.562920600632124 -8.19591520101404 -3.0628336777427387
-12.458938487937187 -8.353134247322824 -3.035425498542622
-12.352988964426407 -8.509034236901353 -3.015770597371044
-12.245088760757755 -8.663590551334021 -3.0039465431434564
-12.135254915624213 -8.816778784387093 -3.0
-12.023504773063149 -8.968574745862782 -3.003946543143457
-11.909855979717529 -9.118954465419082 -3.015770597371044
-11.794326482049282 -9.267894196355016 -3.035425498542624
-11.67693452350535 -9.41537041936051 -3.062833677742739
-11.557698641636843 -9.561359846230339 -3.0978869674096923
-11.436637665171721 -9.70583942354166 -3.1404470282234964
-11.31377071104155 -9.848786336294353 -3.1903458950679626
-11.189117181362725 -9.990178011513782 -3.247386639912274
-11.062696760372601 -10.129992121815375 -3.311344148995971
-10.934529411321174 -10.26820658893033 -3.3819660112501015
-10.804635373318602 -10.404799587192075 -3.458973514448422
-10.673035158139278 -10.53974954698274 -3.542062745157177
-10.539749546982735 -10.673035158139283 -3.630905788142627
-10.40479958719207 -10.804635373318607 -3.725152020502625
-10.268206588930335 -10.934529411321169 -3.824429495415052
-10.12999212181537 -11.062696760372607 -3.9283464100420042
-9.990178011513777 -11.18911718136273 -4.036492651796572
-9.848786336294339 -11.313770711041565 -4.148441416869857
-9.705839423541654 -11.436637665171727 -4.263750894630646
-9.561359846230344 -11.55769864163684 -4.381966011250107
-9.415370419360503 -11.676934523505354 -4.502620225670291
-9.267894196355021 -11.794326482049279 -4.62523737082855
-9.118954465419076 -11.909855979717534 -4.749333532871398
-8.968574745862776 -12.023504773063152 -4.874418960941379
-8.8167787843871 -12.13525491562421 -4.999999999999998
-8.663590551334016 -12.24508876075776 -5.125581039058623
-8.509034236901348 -12.352988964426412 -5.250666467128612
-8.353134247322808 -12.458938487937198 -5.374762629171452
-8.195915201014023 -12.562920600632134 -5.497379774329712
-8.037401924684945 -12.66491888253023 -5.61803398874989
-7.877619449419431 -12.764917226920382 -5.736249105369357
-7.716593006722602 -12.862899842904781 -5.851558583130145
-7.554348024536416 -12.958851257892528 -5.963507348203436
-7.390910123224364 -13.05275632004289 -6.071653589957998
-7.22630511152573 -13.144600200657953 -6.175570504584945
-7.0605589824799875 -13.2343683965243 -6.274847979497377
-6.893697909322316 -13.32204673220317 -6.36909421185738
-6.72574824135048 -13.407621362268959 -6.457937254842825
-6.556736499763988 -13.491078773495568 -6.54102648555158
-6.3866893734760835 -13.572405786990295 -6.618033988749896
-6.215633714899266 -13.651589560274934 -6.688655851004031
-6.043596535704943 -13.728617589313764 -6.752613360087727
-5.870605002558038 -13.803477710488053 -6.809654104932042
-5.696686432827004 -13.876158102516875 -6.859552971776505
-5.521868290270181 -13.946647288323767 -6.902113032590306
-5.346178180698757 -14.014934136849181 -6.937166322257261
-5.169643847617751 -14.081007864808113 -6.964574501457378
-4.992293167844793 -14.14485803839297 -6.984229402628956
-4.814154147108135 -14.206474574921167 -6.996053456856544
-4.635254915624214 -14.265847744427303 -7.0
-4.455623723655526 -14.322968171199644 -6.996053456856544
-4.275288937049642 -14.377826835260638 -6.984229402628956
-4.094279032759878 -14.43041507379129 -6.964574501457376
-3.9126225943484516 -14.480724582499109 -6.93716632225726
-3.73034830747283 -14.528747416929464 -6.902113032590308
-3.5474849553558645 -14.574475993720112 -6.859552971776504
-3.3640614142407106 -14.61790309179866 -6.809654104932037
-3.1801066488308107 -14.659021853522903 -6.752613360087726
-2.9956497077160944 -14.697825785763705 -6.688655851004029
-2.81071971878587 -14.73430876093033 -6.618033988749894
-2.62534588462914 -14.768465017938082 -6.541026485551578
-2.439557477923252 -14.800289163118022 -6.4579372548428235
-2.2533838368113517 -14.82977617106871 -6.369094211857373
-2.0668543602695655 -14.85692138544977 -6.274847979497375
-1.8799985034645696 -14.881720519717167 -6.1755705045849485
-1.69284577310223 -14.904169657800125 -6.071653589957996
-1.5054257227682133 -14.924265254719502 -5.963507348203428
-1.3177679482611357 -14.942004137147588 -5.851558583130143
-1.1299020829189907 -14.95738350390921 -5.736249105369354
-0.941857792939699 -14.970400926424073 -5.6180339887499
-0.7536647726965533 -14.981054349090263 -5.497379774329709
-0.5653527400490133 -14.989342089608838 -5.37476262917145
-0.37695143165005573 -14.995262839249499 -5.250666467128602
-0.18849059825028108 -14.998815663057242 -5.125581039058622
-3.67394039744206e-15 -15.0 -5.000000000000003
0.18849059825028702 -14.998815663057242 -4.874418960941377
0.3769514316500617 -14.995262839249499 -4.749333532871388
0.5653527400490191 -14.989342089608838 -4.625237370828549
0.7536647726965461 -14.981054349090263 -4.502620225670289
0.9418577929396916 -14.970400926424073 -4.381966011250104
1.1299020829189834 -14.95738350390921 -4.263750894630643
1.317767948261142 -14.942004137147588 -4.148441416869855
1.505425722768219 -14.924265254719502 -4.036492651796564
1.6928457731022226 -14.904169657800125 -3.9283464100420025
1.8799985034645625 -14.881720519717168 -3.8244294954150613
2.0668543602695717 -14.856921385449768 -3.725152020502623
2.253383836811358 -14.829776171068708 -3.6309057881426203
2.4395574779232576 -14.80028916311802 -3.5420627451571702
2.6253458846291324 -14.768465017938082 -3.45897351444842
2.810719718785863 -14.73430876093033 -3.3819660112501087
2.9956497077161 -14.697825785763705 -3.3113441489959694
3.1801066488308165 -14.659021853522901 -3.2473866399122695
3.3640614142407164 -14.617903091798658 -3.1903458950679617
3.5474849553558703 -14.57447599372011 -3.1404470282234955
3.730348307472823 -14.528747416929466 -3.0978869674096936
3.9126225943484565 -14.480724582499109 -3.062833677742737
4.094279032759883 -14.430415073791288 -3.0354254985426232
4.275288937049648 -14.377826835260636 -3.015770597371044
4.455623723655519 -14.322968171199646 -3.0039465431434564
4.635254915624207 -14.265847744427305 -3.0
4.814154147108141 -14.206474574921165 -3.0039465431434564
4.9922931678447995 -14.144858038392968 -3.015770597371044
5.169643847617757 -14.081007864808111 -3.0354254985426237
5.346178180698763 -14.014934136849181 -3.0628336777427374
5.521868290270173 -13.94664728832377 -3.0978869674096945
5.696686432827022 -13.876158102516868 -3.140447028223496
5.870605002558043 -13.803477710488053 -3.190345895067962
6.043596535704936 -13.728617589313764 -3.2473866399122775
6.215633714899259 -13.651589560274937 -3.3113441489959707
6.386689373476088 -13.572405786990293 -3.3819660112501015
6.556736499763994 -13.491078773495566 -3.458973514448422
6.725748241350485 -13.407621362268957 -3.542062745157182
6.893697909322321 -13.322046732203166 -3.6309057881426217
7.060558982479993 -13.234368396524298 -3.7251520205026245
7.226305111525734 -13.144600200657951 -3.8244294954150515
7.390910123224381 -13.05275632004288 -3.92834641004201
7.55434802453641 -12.958851257892531 -4.036492651796566
7.7165930067225945 -12.862899842904785 -4.148441416869857
7.877619449419436 -12.764917226920378 -4.263750894630652
8.03740192468495 -12.664918882530227 -4.381966011250106
8.195915201014039 -12.562920600632125 -4.502620225670284
8.353134247322824 -12.458938487937187 -4.62523737082855
8.509034236901353 -12.352988964426409 -4.749333532871398
8.66359055133402 -12.245088760757755 -4.874418960941371
8.816778784387104 -12.135254915624206 -4.99999999999999
8.968574745862792 -12.023504773063143 -5.125581039058623
9.118954465419082 -11.90985597971753 -5.250666467128611
9.267894196355016 -11.794326482049284 -5.3747626291714585
9.415370419360508 -11.67693452350535 -5.497379774329711
9.561359846230348 -11.557698641636836 -5.618033988749889
9.705839423541669 -11.436637665171714 -5.736249105369356
9.848786336294351 -11.313770711041553 -5.851558583130151
9.99017801151378 -11.189117181362727 -5.9635073482034295
10.129992121815373 -11.062696760372603 -6.0716535899579975
10.268206588930338 -10.934529411321165 -6.175570504584944
10.404799587192073 -10.804635373318604 -6.274847979497382
10.53974954698274 -10.673035158139278 -6.369094211857375
10.673035158139282 -10.539749546982737 -6.457937254842824
10.804635373318607 -10.40479958719207 -6.541026485551584
10.934529411321158 -10.268206588930344 -6.618033988749895
11.062696760372614 -10.129992121815361 -6.688655851004026
11.189117181362738 -9.990178011513766 -6.752613360087727
11.313770711041565 -9.848786336294339 -6.809654104932042
11.436637665171727 -9.705839423541654 -6.859552971776502
11.557698641636831 -9.561359846230355 -6.902113032590308
11.676934523505354 -9.415370419360505 -6.937166322257261
11.794326482049286 -9.267894196355012 -6.964574501457378
11.909855979717534 -9.118954465419076 -6.984229402628957
12.023504773063152 -8.968574745862778 -6.996053456856544
12.135254915624202 -8.816778784387111 -7.0
12.245088760757765 -8.663590551334005 -6.996053456856544
12.352988964426418 -8.509034236901337 -6.984229402628955
12.458938487937196 -8.35313424732281 -6.964574501457378
12.562920600632134 -8.195915201014024 -6.937166322257261
12.664918882530221 -8.037401924684959 -6.902113032590308
12.764917226920375 -7.877619449419442 -6.859552971776502
12.862899842904788 -7.716593006722591 -6.809654104932041
12.958851257892533 -7.554348024536405 -6.752613360087726
13.05275632004289 -7.390910123224365 -6.688655851004025
13.144600200657948 -7.226305111525742 -6.618033988749895
13.234368396524292 -7.06055898248 -6.541026485551583
13.322046732203175 -6.893697909322305 -6.4579372548428235
13.407621362268964 -6.72574824135047 -6.369094211857373
13.491078773495568 -6.556736499763989 -6.274847979497381
13.57240578699029 -6.386689373476096 -6.175570504584954
13.651589560274934 -6.215633714899267 -6.071653589957997
13.728617589313767 -6.043596535704931 -5.963507348203428
13.803477710488059 -5.870605002558026 -5.851558583130137
13.876158102516875 -5.696686432827005 -5.736249105369355
13.946647288323767 -5.521868290270182 -5.618033988749901
14.014934136849178 -5.346178180698771 -5.497379774329709
14.081007864808107 -5.169643847617764 -5.374762629171443
14.14485803839297 -4.992293167844794 -5.25066646712861
14.206474574921167 -4.814154147108136 -5.125581039058622
14.265847744427303 -4.635254915624216 -5.000000000000003
14.322968171199644 -4.455623723655526 -4.8744189609413695
14.377826835260635 -4.275288937049655 -4.749333532871396
14.430415073791293 -4.094279032759865 -4.625237370828549
14.48072458249911 -3.912622594348439 -4.502620225670282
14.528747416929464 -3.7303483074728314 -4.381966011250104
14.574475993720107 -3.5474849553558783 -4.26375089463065
14.617903091798656 -3.3640614142407244 -4.148441416869855
14.659021853522903 -3.1801066488308116 -4.036492651796564
14.697825785763705 -2.9956497077160953 -3.9283464100420087
14.734308760930329 -2.810719718785871 -3.8244294954150506
14.76846501793808 -2.625345884629141 -3.725152020502623
14.80028916311802 -2.4395574779232656 -3.6309057881426208
14.829776171068708 -2.253383836811366 -3.5420627451571707
14.856921385449771 -2.066854360269553 -3.458973514448421
14.881720519717167 -1.879998503464571 -3.381966011250109
14.904169657800125 -1.6928457731022308 -3.31134414899597
14.924265254719502 -1.5054257227682273 -3.2473866399122695
14.942004137147588 -1.31776794826115 -3.1903458950679617
14.957383503909211 -1.1299020829189783 -3.1404470282234955
14.970400926424073 -0.9418577929396997 -3.0978869674096936
14.981054349090263 -0.7536647726965543 -3.062833677742737
14.989342089608838 -0.5653527400490275 -3.0354254985426232
14.995262839249499 -0.37695143165006995 -3.015770597371044
14.998815663057242 -0.18849059825026865 -3.0039465431434564
15.0 -4.592425496802574e-15 -3.0
14.998815663057242 0.1884905982502861 -3.0039465431434564
14.995262839249499 0.3769514316500608 -3.015770597371044
14.989342089608838 0.5653527400490183 -3.0354254985426237
14.981054349090263 0.7536647726965451 -3.062833677742737
14.970400926424073 0.9418577929396906 -3.0978869674096896
14.95738350390921 1.1299020829189825 -3.1404470282234955
14.942004137147588 1.3177679482611409 -3.1903458950679617
14.924265254719502 1.5054257227682182 -3.247386639912277
14.904169657800125 1.6928457731022217 -3.3113441489959703
14.881720519717168 1.8799985034645619 -3.3819660112501015
14.856921385449768 2.066854360269571 -3.458973514448421
14.829776171068712 2.2533838368113437 -3.542062745157181
14.80028916311802 2.4395574779232567 -3.6309057881426217
14.768465017938082 2.625345884629132 -3.725152020502624
14.734308760930329 2.8107197187858755 -3.8244294954150515
14.6978257857637 2.995649707716126 -3.9283464100420096
14.659021853522901 3.1801066488308285 -4.036492651796565
14.61790309179866 3.364061414240715 -4.148441416869844
14.574475993720114 3.5474849553558565 -4.263750894630652
14.528747416929466 3.7303483074728225 -4.381966011250105
14.480724582499105 3.912622594348469 -4.502620225670297
14.430415073791288 4.094279032759882 -4.6252373708285495
14.377826835260642 4.275288937049634 -4.749333532871383
14.322968171199642 4.45562372365553 -4.87441896094137
14.265847744427305 4.635254915624206 -5.0000000000000036
14.20647457492116 4.814154147108153 -5.125581039058637
14.144858038392968 4.992293167844799 -5.250666467128611
14.081007864808116 5.169643847617744 -5.374762629171444
14.014934136849181 5.346178180698762 -5.49737977432971
13.946647288323776 5.5218682902701595 -5.618033988749889
13.87615810251686 5.696686432827046 -5.736249105369369
13.803477710488057 5.87060500255803 -5.851558583130151
13.728617589313771 6.043596535704923 -5.963507348203429
13.651589560274937 6.215633714899258 -6.071653589957997
13.572405786990288 6.3866893734761 -6.175570504584943
13.491078773495566 6.556736499763993 -6.274847979497382
13.40762136226895 6.725748241350497 -6.369094211857374
13.322046732203178 6.893697909322296 -6.457937254842815
13.234368396524305 7.06055898247998 -6.541026485551583
13.144600200657951 7.226305111525734 -6.618033988749895
13.052756320042889 7.390910123224368 -6.688655851004034
12.958851257892526 7.55434802453642 -6.752613360087727
12.862899842904799 7.716593006722571 -6.809654104932035
12.764917226920371 7.877619449419446 -6.859552971776502
12.664918882530227 8.03740192468495 -6.902113032590304
12.562920600632117 8.19591520101405 -6.937166322257265
12.45893848793719 8.353134247322823 -6.964574501457378
12.352988964426416 8.509034236901341 -6.984229402628955
12.245088760757756 8.66359055133402 -6.996053456856544
12.135254915624214 8.816778784387093 -7.0
12.023504773063143 8.96857474586279 -6.996053456856542
11.90985597971753 9.11895446541908 -6.984229402628955
11.794326482049293 9.267894196355005 -6.964574501457378
11.67693452350535 9.415370419360508 -6.937166322257261
11.55769864163683 9.561359846230358 -6.902113032590308
11.436637665171714 9.705839423541669 -6.859552971776502
11.313770711041562 9.84878633629434 -6.809654104932041
11.189117181362745 9.99017801151376 -6.752613360087733
11.06269676037261 10.129992121815365 -6.688655851004026
10.934529411321165 10.268206588930337 -6.618033988749895
10.804635373318604 10.404799587192073 -6.5410264855515745
10.673035158139271 10.539749546982748 -6.4579372548428235
10.539749546982755 10.673035158139264 -6.369094211857384
10.404799587192063 10.804635373318616 -6.274847979497381
10.268206588930346 10.934529411321158 -6.175570504584943
10.12999212181537 11.062696760372605 -6.071653589957984
9.990178011513768 11.189117181362738 -5.963507348203429
9.84878633629435 11.313770711041554 -5.85155858313015
9.705839423541654 11.436637665171725 -5.736249105369355
9.561359846230367 11.557698641636822 -5.618033988749901
9.415370419360496 11.67693452350536 -5.497379774329696
9.267894196355012 11.794326482049286 -5.374762629171443
9.118954465419087 11.909855979717523 -5.25066646712861
8.968574745862778 12.023504773063152 -5.1255810390586225
8.8167787843871 12.135254915624209 -5.0000000000000036
8.663590551334007 12.245088760757765 -4.87441896094137
8.50903423690135 12.35298896442641 -4.749333532871396
8.353134247322831 12.458938487937182 -4.625237370828563
8.195915201014035 12.562920600632127 -4.502620225670283
8.037401924684959 12.664918882530221 -4.381966011250105
7.8776194494194325 12.764917226920382 -4.263750894630638
7.716593006722579 12.862899842904794 -4.148441416869856
7.554348024536429 12.95885125789252 -4.036492651796578
7.390910123224376 13.052756320042883 -3.928346410042009
7.226305111525743 13.144600200657946 -3.824429495415062
7.060558982479989 13.2343683965243 -3.725152020502613
6.893697909322306 13.322046732203173 -3.6309057881426208
6.725748241350506 13.407621362268944 -3.542062745157181
6.5567364997639785 13.491078773495573 -3.458973514448421
6.386689373476109 13.572405786990284 -3.3819660112501095
6.215633714899244 13.651589560274942 -3.3113441489959623
6.043596535704932 13.728617589313766 -3.2473866399122704
5.8706050025580385 13.803477710488053 -3.1903458950679617
5.696686432827006 13.876158102516875 -3.1404470282234955
5.521868290270169 13.946647288323772 -3.097886967409694
5.346178180698747 14.014934136849185 -3.062833677742737
5.169643847617753 14.081007864808113 -3.0354254985426237
4.9922931678448075 14.144858038392965 -3.015770597371046
4.814154147108137 14.206474574921167 -3.0039465431434564
4.635254915624217 14.265847744427301 -3.0
4.455623723655514 14.322968171199648 -3.0039465431434573
4.275288937049644 14.377826835260638 -3.015770597371044
4.094279032759892 14.430415073791284 -3.035425498542621
3.9126225943484534 14.480724582499109 -3.062833677742737
3.7303483074728323 14.528747416929464 -3.097886967409694
3.547484955355866 14.57447599372011 -3.140447028223501
3.3640614142407252 14.617903091798656 -3.1903458950679617
3.1801066488308387 14.659021853522898 -3.2473866399122704
2.9956497077160833 14.697825785763708 -3.3113441489959703
2.8107197187858852 14.734308760930327 -3.3819660112501007
2.6253458846291156 14.768465017938086 -3.45897351444843
2.4395574779232665 14.80028916311802 -3.542062745157181
2.253383836811354 14.82977617106871 -3.6309057881426208
2.066854360269554 14.856921385449771 -3.725152020502624
1.8799985034645585 14.881720519717168 -3.8244294954150506
1.6928457731022053 14.904169657800127 -3.928346410042009
1.5054257227682415 14.9242652547195 -4.036492651796565
1.317767948261151 14.942004137147586 -4.148441416869843
1.1299020829189794 14.957383503909211 -4.263750894630651
0.9418577929397008 14.970400926424073 -4.381966011250105
0.7536647726965285 14.981054349090265 -4.502620225670297
0.565352740049015 14.989342089608838 -4.6252373708285495
0.3769514316500709 14.995262839249499 -4.749333532871383
0.1884905982502829 14.998815663057242 -4.87441896094137
5.510910596163089e-15 15.0 -4.999999999999989
-0.18849059825029854 14.998815663057242 -5.125581039058637
-0.37695143165005984 14.995262839249499 -5.25066646712861
-0.565352740049004 14.98934208960884 -5.374762629171443
-0.7536647726965442 14.981054349090263 -5.49737977432971
-0.9418577929396897 14.970400926424073 -5.618033988749888
-1.1299020829189947 14.95738350390921 -5.736249105369368
-1.31776794826114 14.942004137147588 -5.85155858313015
-1.5054257227682304 14.9242652547195 -5.963507348203429
-1.6928457731022208 14.904169657800125 -6.071653589957997
-1.8799985034645477 14.88172051971717 -6.175570504584943
-2.066854360269596 14.856921385449764 -6.274847979497381
-2.2533838368113432 14.829776171068712 -6.369094211857374
-2.439557477923256 14.80028916311802 -6.457937254842815
-2.625345884629131 14.768465017938082 -6.541026485551583
-2.8107197187858746 14.734308760930329 -6.618033988749895
-2.995649707716125 14.6978257857637 -6.688655851004033
-3.1801066488308276 14.659021853522901 -6.752613360087727
-3.3640614142407403 14.617903091798652 -6.809654104932041
-3.5474849553558556 14.574475993720114 -6.859552971776502
-3.7303483074728216 14.528747416929466 -6.902113032590308
-3.912622594348468 14.480724582499105 -6.937166322257265
-4.094279032759881 14.430415073791288 -6.964574501457378
-4.275288937049659 14.377826835260633 -6.984229402628957
-4.455623723655529 14.322968171199642 -6.996053456856544
-4.6352549156242056 14.265847744427305 -7.0
-4.814154147108152 14.206474574921161 -6.996053456856542
-4.992293167844798 14.144858038392968 -6.984229402628955
-5.169643847617768 14.081007864808107 -6.964574501457375
-5.346178180698761 14.014934136849181 -6.937166322257261
-5.521868290270159 13.946647288323776 -6.902113032590308
-5.696686432827045 13.87615810251686 -6.859552971776502
-5.870605002558029 13.803477710488057 -6.809654104932042
-6.04359653570497 13.72861758931375 -6.75261336008772
-6.215633714899258 13.651589560274937 -6.688655851004026
-6.386689373476099 13.572405786990288 -6.618033988749895
-6.556736499763993 13.491078773495566 -6.5410264855515745
-6.725748241350496 13.40762136226895 -6.457937254842824
-6.893697909322343 13.322046732203155 -6.369094211857374
-7.0605589824799795 13.234368396524305 -6.274847979497382
-7.2263051115257335 13.144600200657951 -6.175570504584956
-7.3909101232243675 13.052756320042889 -6.071653589957985
-7.55434802453642 12.958851257892526 -5.963507348203429
-7.716593006722617 12.86289984290477 -5.851558583130138
-7.877619449419446 12.764917226920373 -5.736249105369356
-8.037401924684948 12.664918882530227 -5.618033988749902
-8.19591520101405 12.562920600632118 -5.497379774329697
-8.353134247322823 12.45893848793719 -5.374762629171444
-8.50903423690136 12.352988964426402 -5.250666467128597
-8.66359055133402 12.245088760757756 -5.1255810390586225
-8.816778784387092 12.135254915624214 -5.0000000000000036
-8.96857474586279 12.023504773063143 -4.87441896094137
-9.11895446541908 11.909855979717532 -4.749333532871397
-9.267894196355025 11.794326482049275 -4.625237370828536
-9.415370419360507 11.676934523505352 -4.502620225670284
-9.561359846230358 11.55769864163683 -4.381966011250105
-9.705839423541667 11.436637665171714 -4.263750894630639
-9.84878633629434 11.313770711041563 -4.148441416869856
-9.9901780115138 11.18911718136271 -4.036492651796565
-10.129992121815365 11.062696760372612 -3.9283464100420096
-10.268206588930337 10.934529411321167 -3.8244294954150515
-10.404799587192073 10.804635373318604 -3.7251520205026134
-10.539749546982748 10.673035158139271 -3.6309057881426217
-10.6730351581393 10.539749546982717 -3.542062745157171
-10.804635373318614 10.404799587192063 -3.458973514448421
-10.934529411321158 10.268206588930346 -3.3819660112501095
-11.062696760372605 10.129992121815372 -3.3113441489959627
-11.189117181362736 9.990178011513768 -3.2473866399122704
-11.313770711041554 9.84878633629435 -3.190345895067956
-11.436637665171725 9.705839423541656 -3.1404470282234955
-11.55769864163682 9.561359846230367 -3.097886967409694
-11.67693452350536 9.415370419360496 -3.062833677742737
-11.794326482049286 9.267894196355012 -3.0354254985426237
-11.909855979717541 9.118954465419067 -3.0157705973710422
-12.02350477306315 8.96857474586278 -3.0039465431434564
-12.135254915624209 8.816778784387102 -3.0
-12.245088760757763 8.663590551334007 -3.0039465431434573
-12.35298896442641 8.50903423690135 -3.015770597371044
-12.458938487937196 8.35313424732281 -3.0354254985426232
-12.562920600632127 8.195915201014037 -3.062833677742737
-12.66491888253022 8.037401924684959 -3.097886967409689
-12.76491722692038 7.8776194494194325 -3.140447028223501
-12.862899842904794 7.716593006722581 -3.1903458950679617
-12.958851257892533 7.554348024536407 -3.2473866399122766
-13.052756320042882 7.390910123224377 -3.31134414899597
-13.144600200657946 7.226305111525744 -3.3819660112501007
-13.234368396524298 7.06055898247999 -3.45897351444843
-13.322046732203173 6.893697909322307 -3.5420627451571804
-13.407621362268957 6.725748241350483 -3.630905788142631
-13.491078773495573 6.556736499763979 -3.725152020502623
-13.572405786990284 6.38668937347611 -3.8244294954150506
-13.651589560274942 6.215633714899244 -3.9283464100420087
-13.728617589313766 6.043596535704933 -4.036492651796564
-13.803477710488064 5.870605002558015 -4.1484414168698684
-13.876158102516873 5.696686432827007 -4.26375089463065
-13.94664728832377 5.52186829027017 -4.381966011250104
-14.014934136849185 5.346178180698747 -4.502620225670296
-14.081007864808113 5.1696438476177535 -4.625237370828549
-14.144858038392973 4.9922931678447835 -4.749333532871396
-14.206474574921167 4.8141541471081375 -4.8744189609413695
-14.265847744427301 4.635254915624218 -5.000000000000003
-14.322968171199648 4.455623723655515 -5.125581039058636
-14.377826835260638 4.275288937049645 -5.25066646712861
-14.430415073791293 4.094279032759867 -5.374762629171457
-14.480724582499109 3.9126225943484543 -5.497379774329709
-14.528747416929464 3.730348307472833 -5.618033988749888
-14.57447599372011 3.547484955355867 -5.736249105369367
-14.617903091798656 3.3640614142407257 -5.85155858313015
-14.659021853522903 3.180106648830813 -5.96350734820344
-14.697825785763708 2.995649707716084 -6.071653589957997
-14.734308760930327 2.810719718785886 -6.175570504584943
-14.768465017938086 2.6253458846291164 -6.274847979497381
-14.80028916311802 2.4395574779232674 -6.369094211857373
-14.82977617106871 2.253383836811355 -6.457937254842833
-14.856921385449771 2.066854360269555 -6.541026485551583
-14.881720519717168 1.8799985034645592 -6.618033988749895
-14.904169657800127 1.6928457731022062 -6.688655851004033
-14.9242652547195 1.5054257227682424 -6.752613360087726
-14.94200413714759 1.3177679482611255 -6.809654104932041
-14.95738350390921 1.1299020829189803 -6.859552971776502
-14.970400926424073 0.9418577929397016 -6.902113032590304
-14.981054349090265 0.7536647726965295 -6.937166322257265
-14.989342089608838 0.5653527400490159 -6.964574501457378
-14.9952628392495 0.3769514316500452 -6.984229402628957
-14.998815663057242 0.18849059825028383 -6.996053456856544
-15.0 6.429395695523604e-15 -7.0
-14.998815663057242 -0.1884905982502976 -6.996053456856542
-14.995262839249499 -0.3769514316500589 -6.984229402628955
-14.989342089608838 -0.5653527400490298 -6.964574501457375
-14.981054349090263 -0.7536647726965432 -6.937166322257261
-14.970400926424073 -0.941857792939689 -6.902113032590308
-14.95738350390921 -1.1299020829189939 -6.859552971776502
-14.942004137147588 -1.317767948261139 -6.809654104932042
-14.9242652547195 -1.5054257227682297 -6.75261336008772
-14.904169657800125 -1.69284577310222 -6.688655851004026
-14.88172051971717 -1.8799985034645468 -6.618033988749895
-14.856921385449764 -2.0668543602695952 -6.5410264855515745
-14.829776171068712 -2.253383836811342 -6.457937254842824
-14.800289163118018 -2.439557477923281 -6.369094211857375
-14.768465017938084 -2.62534588462913 -6.274847979497382
-14.734308760930329 -2.8107197187858737 -6.175570504584944
-14.6978257857637 -2.9956497077161237 -6.071653589957986
-14.659021853522901 -3.1801066488308267 -5.9635073482034295
-14.617903091798652 -3.3640614142407395 -5.851558583130139
-14.574475993720114 -3.5474849553558547 -5.736249105369356
-14.528747416929468 -3.7303483074728208 -5.618033988749902
-14.480724582499105 -3.9126225943484676 -5.497379774329698
-14.430415073791288 -4.09427903275988 -5.374762629171444
-14.377826835260635 -4.275288937049658 -5.250666467128597
-14.322968171199642 -4.4556237236555285 -5.125581039058623
-14.265847744427306 -4.6352549156242056 -5.000000000000004
-14.206474574921161 -4.814154147108151 -4.874418960941371
-14.144858038392968 -4.992293167844796 -4.749333532871398
-14.081007864808107 -5.169643847617767 -4.625237370828536
-14.014934136849181 -5.34617818069876 -4.502620225670284
-13.946647288323776 -5.521868290270158 -4.381966011250106
-13.87615810251686 -5.696686432827044 -4.263750894630639
-13.803477710488059 -5.870605002558028 -4.148441416869857
-13.72861758931375 -6.043596535704969 -4.036492651796566
-13.651589560274939 -6.2156337148992575 -3.92834641004201
-13.572405786990288 -6.3866893734760986 -3.824429495415063
-13.491078773495566 -6.556736499763992 -3.7251520205026134
-13.407621362268952 -6.725748241350495 -3.6309057881426217
-13.322046732203155 -6.893697909322342 -3.542062745157172
-13.234368396524305 -7.060558982479979 -3.458973514448422
-13.144600200657951 -7.226305111525733 -3.38196601125011
-13.052756320042889 -7.390910123224367 -3.311344148995963
-12.958851257892526 -7.554348024536418 -3.2473866399122704
-12.862899842904772 -7.716593006722617 -3.1903458950679564
-12.764917226920373 -7.877619449419444 -3.140447028223496
-12.664918882530227 -8.037401924684948 -3.0978869674096945
-12.562920600632118 -8.195915201014047 -3.062833677742737
-12.45893848793719 -8.35313424732282 -3.0354254985426237
-12.352988964426402 -8.50903423690136 -3.0157705973710422
-12.245088760757756 -8.663590551334018 -3.0039465431434564
-12.135254915624214 -8.816778784387092 -3.0
-12.023504773063145 -8.968574745862789 -3.0039465431434573
-11.909855979717532 -9.118954465419078 -3.015770597371044
-11.794326482049277 -9.267894196355025 -3.0354254985426232
-11.676934523505352 -9.415370419360507 -3.062833677742737
-11.55769864163683 -9.561359846230356 -3.0978869674096936
-11.436637665171716 -9.705839423541667 -3.1404470282235004
-11.313770711041563 -9.848786336294339 -3.1903458950679617
-11.18911718136271 -9.990178011513798 -3.2473866399122766
-11.062696760372612 -10.129992121815363 -3.3113441489959694
-10.934529411321167 -10.268206588930337 -3.3819660112501007
-10.804635373318606 -10.404799587192072 -3.4589735144484295
-10.673035158139271 -10.539749546982746 -3.54206274515718
-10.539749546982717 -10.673035158139298 -3.6309057881426305
-10.404799587192064 -10.804635373318614 -3.725152020502623
-10.268206588930347 -10.934529411321156 -3.8244294954150497
-10.129992121815372 -11.062696760372603 -3.9283464100420082
-9.990178011513768 -11.189117181362736 -4.036492651796564
-9.84878633629435 -11.313770711041554 -4.148441416869868
-9.705839423541656 -11.436637665171725 -4.26375089463065
-9.561359846230367 -11.55769864163682 -4.381966011250104
-9.415370419360498 -11.67693452350536 -4.502620225670295
-9.267894196355012 -11.794326482049284 -4.625237370828549
-9.118954465419067 -11.909855979717541 -4.749333532871395
-8.96857474586278 -12.02350477306315 -4.8744189609413695
-8.816778784387102 -12.135254915624207 -4.9999999999999885
-8.663590551334007 -12.245088760757763 -5.125581039058636
-8.509034236901352 -12.352988964426409 -5.250666467128609
-8.35313424732281 -12.458938487937194 -5.374762629171457
-8.195915201014037 -12.562920600632125 -5.497379774329709
-8.03740192468496 -12.66491888253022 -5.618033988749887
-7.877619449419434 -12.76491722692038 -5.736249105369367
-7.716593006722581 -12.862899842904794 -5.851558583130149
-7.554348024536407 -12.958851257892533 -5.96350734820344
-7.390910123224378 -13.052756320042882 -6.071653589957996
-7.226305111525745 -13.144600200657946 -6.175570504584942
-7.060558982479991 -13.234368396524298 -6.27484797949738
-6.893697909322308 -13.322046732203173 -6.369094211857373
-6.725748241350484 -13.407621362268957 -6.457937254842832
-6.55673649976398 -13.491078773495573 -6.5410264855515825
-6.386689373476111 -13.572405786990284 -6.618033988749894
-6.215633714899245 -13.651589560274942 -6.688655851004033
-6.043596535704934 -13.728617589313766 -6.752613360087726
-5.870605002558016 -13.803477710488064 -6.809654104932041
-5.696686432827008 -13.876158102516873 -6.859552971776502
-5.521868290270171 -13.94664728832377 -6.902113032590308
-5.346178180698748 -14.014934136849185 -6.937166322257264
-5.169643847617754 -14.081007864808111 -6.964574501457378
-4.992293167844784 -14.144858038392973 -6.984229402628957
-4.814154147108138 -14.206474574921165 -6.996053456856544
-4.635254915624218 -14.265847744427301 -7.0
-4.455623723655516 -14.322968171199646 -6.996053456856543
-4.275288937049646 -14.377826835260638 -6.984229402628955
-4.094279032759868 -14.430415073791291 -6.964574501457375
-3.9126225943484547 -14.480724582499109 -6.937166322257261
-3.730348307472834 -14.528747416929464 -6.902113032590309
-3.547484955355868 -14.57447599372011 -6.859552971776502
-3.3640614142407266 -14.617903091798656 -6.809654104932042
-3.180106648830814 -14.659021853522903 -6.75261336008772
-2.995649707716085 -14.697825785763708 -6.688655851004027
-2.810719718785887 -14.734308760930327 -6.618033988749896
-2.6253458846291173 -14.768465017938086 -6.541026485551575
-2.4395574779232687 -14.80028916311802 -6.457937254842825
-2.2533838368113557 -14.82977617106871 -6.369094211857375
-2.066854360269556 -14.856921385449771 -6.274847979497382
-1.87999850346456 -14.881720519717168 -6.175570504584956
-1.692845773102207 -14.904169657800127 -6.071653589957986
-1.5054257227682435 -14.9242652547195 -5.9635073482034295
-1.3177679482611262 -14.94200413714759 -5.851558583130139
-1.129902082918981 -14.95738350390921 -5.736249105369357
-0.9418577929397027 -14.970400926424073 -5.618033988749903
-0.7536647726965304 -14.981054349090265 -5.497379774329698
-0.5653527400490168 -14.989342089608838 -5.374762629171445
-0.3769514316500461 -14.9952628392495 -5.250666467128598
-0.18849059825028475 -14.998815663057242 -5.125581039058623
